714737568
-174781827
-28747905
25868144
871267652
-158601352
758823568
-108603151
592082485
-534543857
448006358
-939930735
-213394588
403218684
-760639915
-221922671
-986851861
875596077
12659103
-761948203
253569528
-696052345
-252088924
-291469195
-150335358
129088790
797381016
-893716078
992259489
53577990
22751326
-116617577
258889844
-689363448
450225965
-177400158
534022936
781444120
-393762500
-336663171
450873058
827574929
112221235
221688318
567411965
-236738299
384005304
-180205465
358522101
-661298580
-94874070
354365077
333037367
-231407561
254639162
355023510
-963264529
202874715
-96605170
-279534500
-389649587
767934657
349591462
-294828432
-82553667
914478289
299202613
-465535796
381974279
189334146
-955433088
806388446
223823070
-344739328
-250524877
147761938
-472131242
563904644
861931342
140418750
343025250
-840716111
823315781
500677155
370593804
300890475
-909474061
439551959
-337509940
844785812
772703888
234052181
-1513141
-121483727
-577250241
-909769080
-338499583
-320213173
972281958
-515613969
-135977844
-427090697
288234551
572489465
-771304987
862461009
-308733693
-502506503
-727451908
452201646
163544934
286596544
134161988
-336303194
-501563301
-386654025
284078638
195213312
899583504
513865413
-116935533
148402108
619080567
224485127
876045608
-259732556
-142411863
-191587434
-306267622
-346264985
-604552371
-415240854
197529986
652560890
-175536669
-743489662
-647393764
488525425
-128589764
127163849
506986096
70891787
-800595540
872897406
-558379511
566072591
-428892066
-824235353
352724669
531279134
249223847
-237648107
-549966826
-711330988
-393416644
-728997985
-35739201
267894520
-360215898
534042984
-54778016
192619313
913066614
397392028
255654950
946418259
805683674
-269669331
-479600800
-161363533
-171330916
-386354916
401369019
404222973
469804128
968914523
183556041
268906516
-432738752
653450925
-959052496
930555791
308968365
-617512572
550311714
-519865417
-854824779
547303521
975967365
468987455
-555068578
-393681453
87831904
14993613
771337347
669754809
-217545840
648502696
664841578
-352112308
830149665
575180643
-101643600
-838804061
-531863487
623105212
630395516
-612609390
841970705
585250358
437359933
-69621364
-293639520
-782825628
18395242
914721056
683785186
674866245
-802463918
937284609
-228708257
115512110
836204467
827581887
225965931
15830962
180290304
435768818
534672839
-288182700
21924620
578238638
541502977
669495772
600902894
92061444
677699363
637715085
-383115152
85708909
-496053291
-495503205
394234596
439874069
-379847848
565565716
-361400223
199229961
456204724
264931114
-588234505
115909102
-711857
412518685
784280438
-752233025
881444844
882633979
942943138
822412374
466883219
-387797005
-608839644
-433862089
394156449
641285764
512365321
-132695722
-880877661
-869571282
-656384902
67653432
-718324411
176416294
839260054
-750116350
-197690949
802186991
164585736
-574338959
767722660
-609220272
329811474
-753646389
-640051785
-258140605
436913725
832692609
-989918111
-542272364
688593989
-3102159
796222951
271624370
91481378
-984046549
524378413
-289639325
196351734
-116411471
-111394914
629906247
-827204435
244036401
-10187346
120532305
881658166
693957736
500822251
-352344929
-839491525
860451694
560119252
801999658
-947860633
-64801279
697702331
-946226234
22831083
939511501
337688642
863961872
-423744421
-159237745
980728615
-260990082
832967971
310145553
426834390
832438872
-125407224
-237840412
-812969644
-565398404
-773051471
-435401655
-168529858
-536067093
98723898
810701207
-801462459
942390359
738942281
57943822
249481224
-882620870
-929518235
334552188
-509710738
-749148309
462634532
631306297
-377017869
-875852136
161772721
445190692
523320341
-144675942
347500004
-612527621
-494756424
-445076740
-210316973
-549515997
16144910
-583738322
-303361266
437464865
-993528214
500902538
-563851117
978725628
-192140295
-145296180
415686959
744695839
255715547
803716231
39828632
-51139795
-924036198
303342682
-556037295
384126905
801634016
-744807767
506378837
831812049
-35903497
297683235
-21227173
-886878930
-171730385
-260031422
704248688
241104871
59857131
-16904231
-913188316
-122712786
-567616421
316799081
868897669
-214842093
-618029402
-949339261
-235401738
946390382
609429931
700279172
35692070
-469252427
863037107
484587721
-461256043
239352778
-466128787
234525736
952254494
-786472318
-369179370
-827781976
808009556
177055988
-202091398
268785154
123103596
-186477440
663710243
-501294896
704382118
56177572
553168200
-444770760
986052781
-14145234
393899591
-14998106
-577877190
-150817208
-433868318
992809517
587043512
-974936531
-355438820
-829302481
-972881487
406348306
-840532695
904739118
-254259771
769093852
828055704
-332970367
-499826974
265657559
-564271411
-645674442
-662741358
-741277654
209056245
135491474
133623649
76324897
-136556020
-738185253
-250093383
586686194
259407145
620800444
37687864
-317036233
-373392202
-991163144
-26895143
955936722
-614659850
-34890759
-14928397
517480898
929585658
-523727911
956870209
-505059334
195478464
-582653772
-419700169
-302963194
-967086622
-812541966
908526634
944855120
-26416900
184388840
351652405
204862081
236929540
-579891527
-258880618
-370046293
-406736550
498169814
-222369349
-610133620
-511877613
227663651
191445887
-358098324
-115569180
-576459801
-551979568
699887913
-226720477
-246935092
-727885561
296410321
376114637
-88738742
250948653
540046712
-264208841
985481540
163019765
-353232506
318483972
421646336
774428064
578734456
730923715
-781332683
8029807
792864083
909253848
192111654
796537176
-425549008
629270237
-123403887
-23205217
556061360
354705867
923696830
-592788236
-929038322
-81068681
389220543
-765991249
993004008
371254492
845696464
53166858
658782029
-352475425
-472477123
436421647
800153452
159646206
-511192958
-521480879
478020233
-232554335
-597311543
-500811657
253230940
-475723826
-543288068
313857461
-332875073
834649442
681640230
-192416218
84502861
-183098597
812505947
712668459
431373543
132338666
-554806832
-917424457
977238326
-129186420
-445927475
763241265
79235305
709645185
133978831
295899093
-447725290
168540544
-463799717
-68457180
-627583785
-91721498
-27487930
-930768231
-536526466
-454682199
-415907303
410610571
238565405
454327541
426930
-400126172
-811404565
-77318648
-588805458
-930624863
-452735404
312936688
-317446318
535499030
-153353667
-297227711
630283533
234087005
950353535
-364311390
-736060815
-303330846
-587157749
-638079881
901149725
-323689818
891156622
-83446970
-635153393
-429997054
-761623435
-287214221
-786093038
718960830
-825551207
540715224
-447357264
-476744654
-622020960
-823705821
655942456
54742455
13422675
571492088
-844773213
796617316
386044478
943087225
182471347
-434423329
-746346652
163993768
252892805
466608161
918410532
-83417613
-66682054
-707058046
143754866
73275007
-934016243
-809416520
764865279
-808110879
-803746961
-260246588
-725032624
822428656
888137254
-905426742
-244983395
949913819
-690448518
422780367
-815583589
-381686980
-390510827
-139432990
-715262534
-557995267
579836541
189242109
203524878
-798353215
-467857081
159862300
-552122547
-102472497
784993647
-727780819
-514907339
819861400
976156109
-367588103
-588319816
236188351
318119514
792958690
648892906
-14896833
117529089
475555193
673453804
-258331941
524433443
677176761
677629053
-510675382
9828731
-420037668
-30349446
916684476
-744529166
283183469
513013358
474673383
-198751194
263206390
-797700488
765403501
526230681
-404570433
-109742697
541558339
-17903040
-761333905
412711293
914601120
947578210
3832520
636311326
381025307
-452998399
398464537
-857149886
-251488719
-269865183
-944743296
-686078362
-847692656
558506625
-629938494
-540478552
-597034558
-380049006
-555384687
-725681248
428087588
-515684013
813885040
934715618
-354833139
-823444550
-158763765
-576096563
-777107995
-230953054
537704517
555779799
21289831
-998657978
-518868681
-982029781
-535448056
713655197
-62866482
-257404941
981143979
-385619487
-883292778
-540870185
548998134
-172250536
229026066
886319628
25337595
447730167
-768445206
638146302
686461640
-513002066
968291544
526115685
-590638862
515188139
537124223
-454835281
778702099
905569479
472942361
670848390
-225940009
846786810
430715078
-218618975
954469632
964807801
-700697208
-940842362
447992385
-249756647
562092767
-156370528
-723487951
-78908891
22964355
332255141
350424810
327923703
-158281368
-445527594
-43639330
-821110558
-758241628
662234166
-247904124
486453699
-779811201
-468746515
-478808244
-835948466
-840947089
-475341252
-128908892
-919180147
-858713721
-913735272
-430663651
-857461782
-531907079
-861362423
253216678
-37339755
22944793
-270944026
789308359
-571018264
497858143
19634940
-824145630
-658772163
-981893175
851560648
-356218647
962408831
98760496
950550504
-699577101
186174802
976084218
800055861
-811009460
-124818140
460632988
872372296
-729136514
-936173627
-815498492
908165774
-719869710
-323933206
-387256635
721990990
838366225
702130300
-407287235
329613837
725135272
608123314
122782173
894292384
-120456561
-431134518
-971001078
-38404752
-224901170
950203221
-115729212
-716831031
607290581
-233301439
-618745936
-515742152
-254452833
722557896
-714643428
253278721
226242912
522002858
-241203938
-779640989
764109664
870589579
-432588929
-554632133
883843917
415114253
614146849
-951136768
-160481960
-36447536
-798841027
878432344
70898144
433478125
950138287
591731769
328661297
20099874
841010249
984410594
773570715
289296244
-700723121
-5100307
-455272975
60220194
-580643385
11585256
-208468797
796543955
-568277253
-636445597
882246790
-736714800
-997338310
650566097
-118448167
851292902
-452397800
54184440
-219729735
496976067
378774728
-312513887
-745050157
28651748
-797044022
555170178
-761010292
-851324718
-245721461
199943718
830475478
-990849998
920718683
-245121847
10537604
-60399179
990450470
-287129121
-309960954
18987089
-106274045
52350922
-261326154
-720878350
439153722
899303788
744490924
-15465848
-878456558
-803034873
927065810
290636699
-748238949
-183876525
-782708783
492032817
529182060
-89417887
652204873
-779503941
-640868326
-231566046
-485920613
-428609933
-716634724
524926335
-355933803
-665684203
246327823
292665103
-558884994
-702942842
379812208
835367509
-662954007
327966634
72270693
-76856794
307459590
743873402
-813568408
623862347
66824691
-385195721
-921185761
-920582142
-649302261
-42446716
996463165
584709498
